CPU server 1615213560 2021/03/08 14:26:00 1 100 2 6 5 0 190 0 0 0 0 0 5386 100 0 0
MEM server 1615213560 2021/03/08 14:26:00 1 4096 508821 277587 145006 14028 28743 91 15563 0 287 0 0 2097152 0 0
SEP
CPU server 1615213561 2021/03/08 14:26:01 1 100 2 5 5 0 190 0 0 0 0 0 5386 100 0 0
MEM server 1615213561 2021/03/08 14:26:01 1 4096 508821 277587 145008 14030 28723 94 15563 0 287 0 0 2097152 0 0
SEP
CPU server 1615213562 2021/03/08 14:26:02 1 100 2 6 4 0 189 0 0 0 0 0 5386 100 0 0
MEM server 1615213562 2021/03/08 14:26:02 1 4096 508821 277524 145010 14030 28721 96 15563 0 287 0 0 2097152 0 0
SEP
CPU server 1615213563 2021/03/08 14:26:03 1 100 2 6 4 0 190 0 0 0 0 0 5386 100 0 0
MEM server 1615213563 2021/03/08 14:26:03 1 4096 508821 277524 145011 14030 28731 97 15563 0 287 0 0 2097152 0 0
SEP
CPU server 1615213564 2021/03/08 14:26:04 1 100 2 6 4 0 190 0 0 0 0 0 5386 100 0 0
MEM server 1615213564 2021/03/08 14:26:04 1 4096 508821 277524 145013 14030 28720 99 15563 0 287 0 0 2097152 0 0
SEP
CPU server 1615213565 2021/03/08 14:26:05 1 100 2 4 6 0 190 0 0 1 0 0 5386 100 0 0
MEM server 1615213565 2021/03/08 14:26:05 1 4096 508821 277524 145013 14030 28720 99 15563 0 287 0 0 2097152 0 0
SEP
CPU server 1615213566 2021/03/08 14:26:06 1 100 2 8 3 0 191 0 0 0 0 0 5386 100 0 0
MEM server 1615213566 2021/03/08 14:26:06 1 4096 508821 277524 145017 14032 28729 103 15563 0 287 0 0 2097152 0 0
SEP
CPU server 1615213567 2021/03/08 14:26:07 1 100 2 6 5 0 190 0 0 0 0 0 5386 100 0 0
MEM server 1615213567 2021/03/08 14:26:07 1 4096 508821 277461 145018 14032 28723 105 15563 0 287 0 0 2097152 0 0
SEP
CPU server 1615213568 2021/03/08 14:26:08 1 100 2 4 6 0 190 0 0 0 0 0 5386 100 0 0
MEM server 1615213568 2021/03/08 14:26:08 1 4096 508821 277524 145019 14032 28721 106 15563 0 287 0 0 2097152 0 0
SEP
CPU server 1615213569 2021/03/08 14:26:09 1 100 2 8 3 0 189 0 0 0 0 0 5386 100 0 0
MEM server 1615213569 2021/03/08 14:26:09 1 4096 508821 277524 145021 14032 28721 108 15563 0 287 0 0 2097152 0 0
SEP
CPU server 1615213570 2021/03/08 14:26:10 1 100 2 4 5 0 190 0 0 0 0 0 5386 100 0 0
MEM server 1615213570 2021/03/08 14:26:10 1 4096 508821 277524 145021 14032 28742 108 15563 0 287 0 0 2097152 0 0
SEP
CPU server 1615213571 2021/03/08 14:26:11 1 100 2 5 6 0 189 0 0 0 0 0 5386 100 0 0
MEM server 1615213571 2021/03/08 14:26:11 1 4096 508821 277524 145024 14034 28724 6 15563 0 287 0 0 2097152 0 0
SEP
CPU server 1615213572 2021/03/08 14:26:12 1 100 2 5 5 0 189 0 0 0 0 0 5386 100 0 0
MEM server 1615213572 2021/03/08 14:26:12 1 4096 508821 277524 145025 14034 28726 48 15563 0 287 0 0 2097152 0 0
SEP
CPU server 1615213573 2021/03/08 14:26:13 1 100 2 6 4 0 190 0 0 0 0 0 5386 100 0 0
MEM server 1615213573 2021/03/08 14:26:13 1 4096 508821 277524 145027 14034 28721 50 15563 0 287 0 0 2097152 0 0
SEP
CPU server 1615213574 2021/03/08 14:26:14 1 100 2 8 5 0 186 0 0 1 0 0 5386 100 0 0
MEM server 1615213574 2021/03/08 14:26:14 1 4096 508821 277524 145028 14034 28732 51 15563 0 287 0 0 2097152 0 0
SEP
CPU server 1615213575 2021/03/08 14:26:15 1 100 2 6 4 0 190 0 0 0 0 0 5386 100 0 0
MEM server 1615213575 2021/03/08 14:26:15 1 4096 508821 277524 145029 14034 28724 52 15563 0 287 0 0 2097152 0 0
SEP
CPU server 1615213576 2021/03/08 14:26:16 1 100 2 6 4 0 190 0 0 0 0 0 5386 100 0 0
MEM server 1615213576 2021/03/08 14:26:16 1 4096 508821 277524 145031 14036 28725 66 15563 0 287 0 0 2097152 0 0
SEP
CPU server 1615213577 2021/03/08 14:26:17 1 100 2 5 6 0 190 0 0 0 0 0 5386 100 0 0
MEM server 1615213577 2021/03/08 14:26:17 1 4096 508821 277524 145032 14036 28728 67 15563 0 287 0 0 2097152 0 0
SEP
CPU server 1615213578 2021/03/08 14:26:18 1 100 2 5 4 0 191 0 0 0 0 0 5386 100 0 0
MEM server 1615213578 2021/03/08 14:26:18 1 4096 508821 277524 145034 14036 28730 69 15563 0 287 0 0 2097152 0 0
SEP
CPU server 1615213579 2021/03/08 14:26:19 1 100 2 6 5 0 189 0 0 0 0 0 5386 100 0 0
MEM server 1615213579 2021/03/08 14:26:19 1 4096 508821 277461 145035 14036 28728 70 15564 0 287 0 0 2097152 0 0
SEP
CPU server 1615213580 2021/03/08 14:26:20 1 100 2 5 4 0 190 0 0 0 0 0 5386 100 0 0
MEM server 1615213580 2021/03/08 14:26:20 1 4096 508821 277398 145037 14036 28722 72 15564 0 287 0 0 2097152 0 0
SEP
CPU server 1615213581 2021/03/08 14:26:21 1 100 2 6 6 0 191 0 0 0 0 0 5386 100 0 0
MEM server 1615213581 2021/03/08 14:26:21 1 4096 508821 277461 145038 14038 28714 74 15564 0 287 0 0 2097152 0 0
SEP
CPU server 1615213582 2021/03/08 14:26:22 1 100 2 7 3 0 190 0 0 0 0 0 5386 100 0 0
MEM server 1615213582 2021/03/08 14:26:22 1 4096 508821 277461 145039 14038 28716 75 15564 0 287 0 0 2097152 0 0
SEP
CPU server 1615213583 2021/03/08 14:26:23 1 100 2 6 4 0 190 0 0 0 0 0 5386 100 0 0
MEM server 1615213583 2021/03/08 14:26:23 1 4096 508821 277461 145041 14038 28718 77 15564 0 287 0 0 2097152 0 0
SEP
CPU server 1615213584 2021/03/08 14:26:24 1 100 2 6 4 0 190 0 0 1 0 0 5386 100 0 0
MEM server 1615213584 2021/03/08 14:26:24 1 4096 508821 277461 145042 14038 28714 78 15564 0 287 0 0 2097152 0 0
SEP
CPU server 1615213585 2021/03/08 14:26:25 1 100 2 6 4 0 190 0 0 0 0 0 5386 100 0 0
MEM server 1615213585 2021/03/08 14:26:25 1 4096 508821 277461 145042 14038 28735 78 15564 0 287 0 0 2097152 0 0
SEP
CPU server 1615213586 2021/03/08 14:26:26 1 100 2 5 5 0 190 0 0 0 0 0 5386 100 0 0
MEM server 1615213586 2021/03/08 14:26:26 1 4096 508821 277461 145045 14039 28719 73 15564 0 287 0 0 2097152 0 0
SEP
CPU server 1615213587 2021/03/08 14:26:27 1 100 2 6 4 0 198 0 0 0 0 0 5386 100 0 0
MEM server 1615213587 2021/03/08 14:26:27 1 4096 508821 277461 145047 14039 28719 76 15564 0 287 0 0 2097152 0 0
SEP
CPU server 1615213588 2021/03/08 14:26:28 1 100 2 6 4 0 190 0 0 0 0 0 5386 100 0 0
MEM server 1615213588 2021/03/08 14:26:28 1 4096 508821 277461 145048 14039 28719 77 15564 0 287 0 0 2097152 0 0
SEP
CPU server 1615213589 2021/03/08 14:26:29 1 100 2 7 3 0 195 0 0 0 0 0 5386 100 0 0
MEM server 1615213589 2021/03/08 14:26:29 1 4096 508821 277524 145049 14039 28719 78 15564 0 287 0 0 2097152 0 0
SEP
CPU server 1615213590 2021/03/08 14:26:30 1 100 2 6 4 0 190 0 0 0 0 0 5386 100 0 0
MEM server 1615213590 2021/03/08 14:26:30 1 4096 508821 277524 145051 14039 28732 80 15564 0 287 0 0 2097152 0 0
SEP
CPU server 1615213591 2021/03/08 14:26:31 1 100 2 6 4 0 190 0 0 0 0 0 5386 100 0 0
MEM server 1615213591 2021/03/08 14:26:31 1 4096 508821 277524 145052 14041 28719 84 15564 0 287 0 0 2097152 0 0
SEP
CPU server 1615213592 2021/03/08 14:26:32 1 100 2 8 4 0 190 0 0 0 0 0 5386 100 0 0
MEM server 1615213592 2021/03/08 14:26:32 1 4096 508821 277524 145054 14041 28728 87 15564 0 287 0 0 2097152 0 0
SEP
CPU server 1615213593 2021/03/08 14:26:33 1 100 2 4 6 0 190 0 0 0 0 0 5386 100 0 0
MEM server 1615213593 2021/03/08 14:26:33 1 4096 508821 277524 145055 14041 28723 88 15564 0 287 0 0 2097152 0 0
SEP
CPU server 1615213594 2021/03/08 14:26:34 1 100 2 6 3 0 190 0 0 0 0 0 5386 100 0 0
MEM server 1615213594 2021/03/08 14:26:34 1 4096 508821 277524 145057 14041 28718 90 15564 0 287 0 0 2097152 0 0
SEP
CPU server 1615213595 2021/03/08 14:26:35 1 100 2 6 5 0 190 0 0 0 0 0 5386 100 0 0
MEM server 1615213595 2021/03/08 14:26:35 1 4096 508821 277524 145058 14041 28722 91 15564 0 287 0 0 2097152 0 0
SEP
CPU server 1615213596 2021/03/08 14:26:36 1 100 2 6 2 0 190 0 0 1 0 0 5386 100 0 0
MEM server 1615213596 2021/03/08 14:26:36 1 4096 508821 277524 145059 14043 28730 93 15564 0 287 0 0 2097152 0 0
SEP
CPU server 1615213597 2021/03/08 14:26:37 1 100 2 6 5 0 190 0 0 0 0 0 5386 100 0 0
MEM server 1615213597 2021/03/08 14:26:37 1 4096 508821 277524 145062 14043 28727 96 15564 0 287 0 0 2097152 0 0
SEP
CPU server 1615213598 2021/03/08 14:26:38 1 100 2 4 6 0 190 0 0 0 0 0 5386 100 0 0
MEM server 1615213598 2021/03/08 14:26:38 1 4096 508821 277524 145063 14043 28717 97 15564 0 287 0 0 2097152 0 0
SEP
CPU server 1615213599 2021/03/08 14:26:39 1 100 2 5 4 0 190 0 0 0 0 0 5386 100 0 0
MEM server 1615213599 2021/03/08 14:26:39 1 4096 508821 277524 145065 14043 28719 99 15564 0 287 0 0 2097152 0 0
SEP
CPU server 1615213600 2021/03/08 14:26:40 1 100 2 5 4 0 190 0 0 0 0 0 5386 100 0 0
MEM server 1615213600 2021/03/08 14:26:40 1 4096 508821 277524 145066 14043 28719 100 15564 0 287 0 0 2097152 0 0
SEP
CPU server 1615213601 2021/03/08 14:26:41 1 100 2 8 11 0 146 27 0 4 0 0 5386 100 0 0
MEM server 1615213601 2021/03/08 14:26:41 1 4096 508821 277279 145068 14045 28724 5 15565 0 287 0 0 2097152 0 0
SEP
CPU server 1615213602 2021/03/08 14:26:42 1 100 2 11 30 0 100 44 0 12 0 0 5386 100 0 0
MEM server 1615213602 2021/03/08 14:26:42 1 4096 508821 277111 145069 14045 28747 47 15566 0 287 0 0 2097152 0 0
SEP
CPU server 1615213603 2021/03/08 14:26:43 1 100 2 8 33 0 73 63 0 10 0 0 5386 100 0 0
MEM server 1615213603 2021/03/08 14:26:43 1 4096 508821 276803 145071 14045 28738 49 15566 0 287 0 0 2097152 0 0
SEP
CPU server 1615213604 2021/03/08 14:26:44 1 100 2 14 23 0 90 54 0 14 0 0 5386 100 0 0
MEM server 1615213604 2021/03/08 14:26:44 1 4096 508821 276717 145072 14045 28742 50 15566 0 287 0 0 2097152 0 0
SEP
CPU server 1615213605 2021/03/08 14:26:45 1 100 2 11 26 0 88 58 0 16 0 0 5386 100 0 0
MEM server 1615213605 2021/03/08 14:26:45 1 4096 508821 276654 145074 14045 28733 52 15566 0 287 0 0 2097152 0 0
SEP
CPU server 1615213606 2021/03/08 14:26:46 1 100 2 18 18 0 88 54 0 50 0 0 5386 100 0 0
MEM server 1615213606 2021/03/08 14:26:46 1 4096 508821 276629 145075 14047 28744 65 15569 0 287 0 0 2097152 0 0
SEP
CPU server 1615213607 2021/03/08 14:26:47 1 100 2 14 18 0 93 54 0 17 0 0 5386 100 0 0
MEM server 1615213607 2021/03/08 14:26:47 1 4096 508821 276574 145077 14047 28731 67 15569 0 287 0 0 2097152 0 0
SEP
CPU server 1615213608 2021/03/08 14:26:48 1 100 2 11 24 0 88 58 0 7 0 0 5386 100 0 0
MEM server 1615213608 2021/03/08 14:26:48 1 4096 508821 275688 145078 14047 28739 67 15573 0 287 0 0 2097152 0 0
SEP
CPU server 1615213609 2021/03/08 14:26:49 1 100 2 10 31 0 88 60 0 8 0 0 5386 100 0 0
MEM server 1615213609 2021/03/08 14:26:49 1 4096 508821 275140 145080 14047 28743 68 15577 0 287 0 0 2097152 0 0
SEP
CPU server 1615213610 2021/03/08 14:26:50 1 100 2 7 19 0 82 67 0 16 0 0 5386 100 0 0
MEM server 1615213610 2021/03/08 14:26:50 1 4096 508821 275188 145082 14047 28743 70 15577 0 287 0 0 2097152 0 0
SEP
CPU server 1615213611 2021/03/08 14:26:51 1 100 2 12 21 0 84 66 0 11 0 0 5386 100 0 0
MEM server 1615213611 2021/03/08 14:26:51 1 4096 508821 275124 145083 14049 28755 72 15577 0 287 0 0 2097152 0 0
SEP
CPU server 1615213612 2021/03/08 14:26:52 1 100 2 11 30 0 82 60 0 11 0 0 5386 100 0 0
MEM server 1615213612 2021/03/08 14:26:52 1 4096 508821 275057 145117 14049 28753 76 15582 0 287 0 0 2097152 0 0
SEP
CPU server 1615213613 2021/03/08 14:26:53 1 100 2 12 23 0 82 68 0 17 0 0 5386 100 0 0
MEM server 1615213613 2021/03/08 14:26:53 1 4096 508821 275081 145119 14049 28761 77 15582 0 287 0 0 2097152 0 0
SEP
CPU server 1615213614 2021/03/08 14:26:54 1 100 2 12 16 0 95 57 0 65 0 0 5386 100 0 0
MEM server 1615213614 2021/03/08 14:26:54 1 4096 508821 275121 145121 14049 28754 79 15582 0 287 0 0 2097152 0 0
SEP
CPU server 1615213615 2021/03/08 14:26:55 1 100 2 14 16 0 93 57 0 57 0 0 5386 100 0 0
MEM server 1615213615 2021/03/08 14:26:55 1 4096 508821 275113 145122 14049 28754 80 15582 0 287 0 0 2097152 0 0
SEP
CPU server 1615213616 2021/03/08 14:26:56 1 100 2 11 22 0 78 73 0 20 0 0 5386 100 0 0
MEM server 1615213616 2021/03/08 14:26:56 1 4096 508821 275050 145125 14051 28769 82 15582 0 287 0 0 2097152 0 0
SEP
CPU server 1615213617 2021/03/08 14:26:57 1 100 2 6 27 0 105 46 0 14 0 0 5386 100 0 0
MEM server 1615213617 2021/03/08 14:26:57 1 4096 508821 275026 145126 14051 28776 83 15582 0 287 0 0 2097152 0 0
SEP
CPU server 1615213618 2021/03/08 14:26:58 1 100 2 9 25 0 83 64 0 9 0 0 5386 100 0 0
MEM server 1615213618 2021/03/08 14:26:58 1 4096 508821 274891 145128 14051 28773 85 15582 0 287 0 0 2097152 0 0
SEP
CPU server 1615213619 2021/03/08 14:26:59 1 100 2 10 20 0 80 72 0 12 0 0 5386 100 0 0
MEM server 1615213619 2021/03/08 14:26:59 1 4096 508821 274907 145129 14051 28778 86 15582 0 287 0 0 2097152 0 0
SEP
CPU server 1615213620 2021/03/08 14:27:00 1 100 2 8 19 0 85 69 0 13 0 0 5386 100 0 0
MEM server 1615213620 2021/03/08 14:27:00 1 4096 508821 274939 145132 14051 28760 88 15581 0 287 0 0 2097152 0 0
SEP
CPU server 1615213621 2021/03/08 14:27:01 1 100 2 12 23 0 81 73 0 13 0 0 5386 100 0 0
MEM server 1615213621 2021/03/08 14:27:01 1 4096 508821 274892 145133 14053 28792 91 15582 0 287 0 0 2097152 0 0
SEP
CPU server 1615213622 2021/03/08 14:27:02 1 100 2 11 18 0 82 73 0 8 0 0 5386 100 0 0
MEM server 1615213622 2021/03/08 14:27:02 1 4096 508821 274876 145135 14053 28786 84 15582 0 287 0 0 2097152 0 0
SEP
CPU server 1615213623 2021/03/08 14:27:03 1 100 2 9 14 0 85 70 0 4 0 0 5386 100 0 0
MEM server 1615213623 2021/03/08 14:27:03 1 4096 508821 274852 145136 14053 28797 85 15582 0 287 0 0 2097152 0 0
SEP
CPU server 1615213624 2021/03/08 14:27:04 1 100 2 9 17 0 91 63 0 12 0 0 5386 100 0 0
MEM server 1615213624 2021/03/08 14:27:04 1 4096 508821 274884 145139 14053 28785 87 15582 0 287 0 0 2097152 0 0
SEP
CPU server 1615213625 2021/03/08 14:27:05 1 100 2 11 19 0 86 66 0 13 0 0 5386 100 0 0
MEM server 1615213625 2021/03/08 14:27:05 1 4096 508821 274932 145140 14053 28775 88 15582 0 287 0 0 2097152 0 0
SEP
CPU server 1615213626 2021/03/08 14:27:06 1 100 2 11 20 0 79 71 0 8 0 0 5386 100 0 0
MEM server 1615213626 2021/03/08 14:27:06 1 4096 508821 274884 145142 14053 28785 91 15582 0 287 0 0 2097152 0 0
SEP
CPU server 1615213627 2021/03/08 14:27:07 1 100 2 15 24 0 75 70 0 13 0 0 5386 100 0 0
MEM server 1615213627 2021/03/08 14:27:07 1 4096 508821 275365 145144 14055 28792 96 15582 0 287 0 0 2097152 0 0
SEP
CPU server 1615213628 2021/03/08 14:27:08 1 100 2 8 26 0 84 70 0 5 0 0 5386 100 0 0
MEM server 1615213628 2021/03/08 14:27:08 1 4096 508821 273766 145146 14055 28788 98 15582 0 287 0 0 2097152 0 0
SEP
CPU server 1615213629 2021/03/08 14:27:09 1 100 2 9 22 0 86 68 0 9 0 0 5386 100 0 0
MEM server 1615213629 2021/03/08 14:27:09 1 4096 508821 271994 145148 14055 28780 99 15582 0 287 0 0 2097152 0 0
SEP
CPU server 1615213630 2021/03/08 14:27:10 1 100 2 11 20 0 85 72 0 5 0 0 5386 100 0 0
MEM server 1615213630 2021/03/08 14:27:10 1 4096 508821 271608 145150 14055 28775 101 15582 0 287 0 0 2097152 0 0
SEP
CPU server 1615213631 2021/03/08 14:27:11 1 100 2 13 22 0 83 66 0 10 0 0 5386 100 0 0
MEM server 1615213631 2021/03/08 14:27:11 1 4096 508821 271458 145151 14055 28758 103 15582 0 287 0 0 2097152 0 0
SEP
CPU server 1615213632 2021/03/08 14:27:12 1 100 2 10 24 0 84 68 0 7 0 0 5386 100 0 0
MEM server 1615213632 2021/03/08 14:27:12 1 4096 508821 271466 145153 14057 28758 6 15582 0 287 0 0 2097152 0 0
SEP
CPU server 1615213633 2021/03/08 14:27:13 1 100 2 8 16 0 83 73 0 7 0 0 5386 100 0 0
MEM server 1615213633 2021/03/08 14:27:13 1 4096 508821 271393 145154 14057 28757 8 15582 0 287 0 0 2097152 0 0
SEP
CPU server 1615213634 2021/03/08 14:27:14 1 100 2 12 18 0 91 64 0 14 0 0 5386 100 0 0
MEM server 1615213634 2021/03/08 14:27:14 1 4096 508821 271425 145156 14057 28758 9 15582 0 287 0 0 2097152 0 0
SEP
CPU server 1615213635 2021/03/08 14:27:15 1 100 2 10 18 0 91 66 0 17 0 0 5386 100 0 0
MEM server 1615213635 2021/03/08 14:27:15 1 4096 508821 271393 145158 14057 28761 11 15582 0 287 0 0 2097152 0 0
SEP
CPU server 1615213636 2021/03/08 14:27:16 1 100 2 11 18 0 87 67 0 9 0 0 5386 100 0 0
MEM server 1615213636 2021/03/08 14:27:16 1 4096 508821 271385 145159 14057 28753 52 15582 0 287 0 0 2097152 0 0
SEP
CPU server 1615213637 2021/03/08 14:27:17 1 100 2 9 18 0 81 75 0 12 0 0 5386 100 0 0
MEM server 1615213637 2021/03/08 14:27:17 1 4096 508821 271369 145161 14059 28767 64 15582 0 287 0 0 2097152 0 0
SEP
CPU server 1615213638 2021/03/08 14:27:18 1 100 2 7 18 0 83 73 0 10 0 0 5386 100 0 0
MEM server 1615213638 2021/03/08 14:27:18 1 4096 508821 271417 145163 14059 28761 65 15582 0 287 0 0 2097152 0 0
SEP
CPU server 1615213639 2021/03/08 14:27:19 1 100 2 9 19 0 97 62 0 6 0 0 5386 100 0 0
MEM server 1615213639 2021/03/08 14:27:19 1 4096 508821 271328 145165 14059 28766 67 15582 0 287 0 0 2097152 0 0
SEP
CPU server 1615213640 2021/03/08 14:27:20 1 100 2 11 23 0 85 71 0 8 0 0 5386 100 0 0
MEM server 1615213640 2021/03/08 14:27:20 1 4096 508821 271288 145166 14059 28780 68 15582 0 287 0 0 2097152 0 0
SEP
CPU server 1615213641 2021/03/08 14:27:21 1 100 2 11 18 0 91 66 0 13 0 0 5386 100 0 0
MEM server 1615213641 2021/03/08 14:27:21 1 4096 508821 271317 145168 14059 28779 71 15584 0 287 0 0 2097152 0 0
SEP
CPU server 1615213642 2021/03/08 14:27:22 1 100 2 10 19 0 82 76 0 12 0 0 5386 100 0 0
MEM server 1615213642 2021/03/08 14:27:22 1 4096 508821 271301 145169 14061 28768 73 15584 0 287 0 0 2097152 0 0
SEP
CPU server 1615213643 2021/03/08 14:27:23 1 100 2 12 14 0 91 68 0 10 0 0 5386 100 0 0
MEM server 1615213643 2021/03/08 14:27:23 1 4096 508821 271365 145172 14061 28768 75 15584 0 287 0 0 2097152 0 0
SEP
CPU server 1615213644 2021/03/08 14:27:24 1 100 2 12 13 0 98 61 0 23 0 0 5386 100 0 0
MEM server 1615213644 2021/03/08 14:27:24 1 4096 508821 271429 145173 14061 28779 76 15584 0 287 0 0 2097152 0 0
SEP
CPU server 1615213645 2021/03/08 14:27:25 1 100 2 13 11 0 94 64 0 55 0 0 5386 100 0 0
MEM server 1615213645 2021/03/08 14:27:25 1 4096 508821 271421 145175 14061 28771 78 15584 0 287 0 0 2097152 0 0
SEP
CPU server 1615213646 2021/03/08 14:27:26 1 100 2 14 12 0 93 66 0 23 0 0 5386 100 0 0
MEM server 1615213646 2021/03/08 14:27:26 1 4096 508821 271358 145176 14061 28777 81 15585 0 287 0 0 2097152 0 0
SEP
CPU server 1615213647 2021/03/08 14:27:27 1 100 2 11 14 0 94 67 0 52 0 0 5386 100 0 0
MEM server 1615213647 2021/03/08 14:27:27 1 4096 508821 271350 145179 14063 28777 83 15585 0 287 0 0 2097152 0 0
SEP
CPU server 1615213648 2021/03/08 14:27:28 1 100 2 17 9 0 92 66 0 41 0 0 5386 100 0 0
MEM server 1615213648 2021/03/08 14:27:28 1 4096 508821 271311 145180 14063 28787 84 15585 0 287 0 0 2097152 0 0
SEP
CPU server 1615213649 2021/03/08 14:27:29 1 100 2 10 14 0 91 67 0 39 0 0 5386 100 0 0
MEM server 1615213649 2021/03/08 14:27:29 1 4096 508821 271350 145182 14063 28784 86 15585 0 287 0 0 2097152 0 0
SEP
CPU server 1615213650 2021/03/08 14:27:30 1 100 2 10 16 0 85 74 0 12 0 0 5386 100 0 0
MEM server 1615213650 2021/03/08 14:27:30 1 4096 508821 271358 145183 14063 28779 86 15585 0 287 0 0 2097152 0 0
SEP
CPU server 1615213651 2021/03/08 14:27:31 1 100 2 9 18 0 82 78 0 10 0 0 5386 100 0 0
MEM server 1615213651 2021/03/08 14:27:31 1 4096 508821 271326 145184 14063 28779 89 15585 0 287 0 0 2097152 0 0
SEP
CPU server 1615213652 2021/03/08 14:27:32 1 100 2 8 18 0 90 70 0 11 0 0 5386 100 0 0
MEM server 1615213652 2021/03/08 14:27:32 1 4096 508821 271318 145187 14065 28776 92 15584 0 287 0 0 2097152 0 0
SEP
CPU server 1615213653 2021/03/08 14:27:33 1 100 2 8 17 0 91 70 0 11 0 0 5386 100 0 0
MEM server 1615213653 2021/03/08 14:27:33 1 4096 508821 271326 145188 14065 28785 93 15584 0 287 0 0 2097152 0 0
SEP
CPU server 1615213654 2021/03/08 14:27:34 1 100 2 9 13 0 77 83 0 11 0 0 5386 100 0 0
MEM server 1615213654 2021/03/08 14:27:34 1 4096 508821 271271 145190 14065 28791 95 15584 0 287 0 0 2097152 0 0
SEP
CPU server 1615213655 2021/03/08 14:27:35 1 100 2 9 17 0 87 74 0 2 0 0 5386 100 0 0
MEM server 1615213655 2021/03/08 14:27:35 1 4096 508821 271245 145191 14065 28788 96 15584 0 287 0 0 2097152 0 0
SEP
CPU server 1615213656 2021/03/08 14:27:36 1 100 2 9 19 0 84 75 0 4 0 0 5386 100 0 0
MEM server 1615213656 2021/03/08 14:27:36 1 4096 508821 271197 145193 14065 28796 98 15584 0 287 0 0 2097152 0 0
SEP
CPU server 1615213657 2021/03/08 14:27:37 1 100 2 6 16 0 118 52 0 6 0 0 5386 100 0 0
MEM server 1615213657 2021/03/08 14:27:37 1 4096 508821 271284 145195 14067 28788 91 15584 0 287 0 0 2097152 0 0
SEP
CPU server 1615213658 2021/03/08 14:27:38 1 100 2 6 4 0 190 0 0 0 0 0 5386 100 0 0
MEM server 1615213658 2021/03/08 14:27:38 1 4096 508821 271221 145197 14067 28789 93 15585 0 287 0 0 2097152 0 0
SEP
CPU server 1615213659 2021/03/08 14:27:39 1 100 2 7 4 0 189 0 0 0 0 0 5386 100 0 0
MEM server 1615213659 2021/03/08 14:27:39 1 4096 508821 271221 145198 14067 28788 94 15585 0 287 0 0 2097152 0 0
SEP
CPU server 1615213660 2021/03/08 14:27:40 1 100 2 6 4 0 190 0 0 0 0 0 5386 100 0 0
MEM server 1615213660 2021/03/08 14:27:40 1 4096 508821 271221 145200 14067 28790 96 15585 0 287 0 0 2097152 0 0
SEP
CPU server 1615213661 2021/03/08 14:27:41 1 100 2 4 6 0 190 0 0 1 0 0 5386 100 0 0
MEM server 1615213661 2021/03/08 14:27:41 1 4096 508821 271284 145202 14067 28788 98 15585 0 287 0 0 2097152 0 0
SEP
CPU server 1615213662 2021/03/08 14:27:42 1 100 2 6 4 0 192 0 0 0 0 0 5386 100 0 0
MEM server 1615213662 2021/03/08 14:27:42 1 4096 508821 271284 145204 14069 28791 105 15585 0 287 0 0 2097152 0 0
SEP
CPU server 1615213663 2021/03/08 14:27:43 1 100 2 6 4 0 189 0 0 0 0 0 5386 100 0 0
MEM server 1615213663 2021/03/08 14:27:43 1 4096 508821 271284 145205 14069 28789 51 15585 0 287 0 0 2097152 0 0
SEP
CPU server 1615213664 2021/03/08 14:27:44 1 100 2 5 5 0 206 0 0 0 0 0 5386 100 0 0
MEM server 1615213664 2021/03/08 14:27:44 1 4096 508821 271284 145206 14069 28790 52 15585 0 287 0 0 2097152 0 0
SEP
CPU server 1615213665 2021/03/08 14:27:45 1 100 2 7 3 0 190 0 0 0 0 0 5386 100 0 0
MEM server 1615213665 2021/03/08 14:27:45 1 4096 508821 271284 145208 14069 28790 54 15585 0 287 0 0 2097152 0 0
SEP
CPU server 1615213666 2021/03/08 14:27:46 1 100 2 4 6 0 189 0 0 1 0 0 5386 100 0 0
MEM server 1615213666 2021/03/08 14:27:46 1 4096 508821 271284 145209 14069 28793 95 15585 0 287 0 0 2097152 0 0
SEP
CPU server 1615213667 2021/03/08 14:27:47 1 100 2 7 4 0 190 0 0 0 0 0 5386 100 0 0
MEM server 1615213667 2021/03/08 14:27:47 1 4096 508821 271221 145211 14071 28794 104 15585 0 287 0 0 2097152 0 0
SEP
CPU server 1615213668 2021/03/08 14:27:48 1 100 2 7 3 0 190 0 0 0 0 0 5386 100 0 0
MEM server 1615213668 2021/03/08 14:27:48 1 4096 508821 271221 145212 14071 28794 54 15585 0 287 0 0 2097152 0 0
SEP
CPU server 1615213669 2021/03/08 14:27:49 1 100 2 4 5 0 194 0 0 0 0 0 5386 100 0 0
MEM server 1615213669 2021/03/08 14:27:49 1 4096 508821 271221 145214 14071 28795 56 15585 0 287 0 0 2097152 0 0
SEP
CPU server 1615213670 2021/03/08 14:27:50 1 100 2 6 4 0 190 0 0 0 0 0 5386 100 0 0
MEM server 1615213670 2021/03/08 14:27:50 1 4096 508821 271221 145215 14071 28790 57 15585 0 287 0 0 2097152 0 0
SEP
CPU server 1615213671 2021/03/08 14:27:51 1 100 2 6 5 0 189 0 0 0 0 0 5386 100 0 0
MEM server 1615213671 2021/03/08 14:27:51 1 4096 508821 271221 145217 14071 28796 60 15585 0 287 0 0 2097152 0 0
SEP
CPU server 1615213672 2021/03/08 14:27:52 1 100 2 6 6 0 189 0 0 0 0 0 5386 100 0 0
MEM server 1615213672 2021/03/08 14:27:52 1 4096 508821 271221 145217 14073 28796 63 15585 0 287 0 0 2097152 0 0
SEP
CPU server 1615213673 2021/03/08 14:27:53 1 100 2 4 5 0 191 0 0 0 0 0 5386 100 0 0
MEM server 1615213673 2021/03/08 14:27:53 1 4096 508821 271221 145219 14073 28794 63 15585 0 287 0 0 2097152 0 0
SEP
CPU server 1615213674 2021/03/08 14:27:54 1 100 2 6 6 0 188 0 0 0 0 0 5386 100 0 0
MEM server 1615213674 2021/03/08 14:27:54 1 4096 508821 271221 145221 14073 28793 65 15585 0 287 0 0 2097152 0 0
SEP
CPU server 1615213675 2021/03/08 14:27:55 1 100 2 6 4 0 189 0 0 1 0 0 5386 100 0 0
MEM server 1615213675 2021/03/08 14:27:55 1 4096 508821 271221 145221 14073 28793 65 15585 0 287 0 0 2097152 0 0
SEP
CPU server 1615213676 2021/03/08 14:27:56 1 100 2 8 3 0 190 0 0 0 0 0 5386 100 0 0
MEM server 1615213676 2021/03/08 14:27:56 1 4096 508821 271158 145224 14073 28792 69 15585 0 287 0 0 2097152 0 0
SEP
CPU server 1615213677 2021/03/08 14:27:57 1 100 2 6 4 0 189 0 0 0 0 0 5386 100 0 0
MEM server 1615213677 2021/03/08 14:27:57 1 4096 508821 271221 145225 14075 28790 72 15585 0 287 0 0 2097152 0 0
SEP
CPU server 1615213678 2021/03/08 14:27:58 1 100 2 7 4 0 190 0 0 0 0 0 5386 100 0 0
MEM server 1615213678 2021/03/08 14:27:58 1 4096 508821 271221 145227 14075 28793 74 15585 0 287 0 0 2097152 0 0
SEP
CPU server 1615213679 2021/03/08 14:27:59 1 100 2 6 4 0 190 0 0 1 0 0 5386 100 0 0
MEM server 1615213679 2021/03/08 14:27:59 1 4096 508821 271221 145228 14075 28794 75 15585 0 287 0 0 2097152 0 0
SEP
