CPU server 1615214040 2021/03/08 14:34:00 1 100 2 5 5 0 190 0 0 0 0 0 5386 100 0 0
MEM server 1615214040 2021/03/08 14:34:00 1 4096 508821 279356 145834 14211 28857 46 15612 0 288 0 0 2097152 0 0
SEP
CPU server 1615214041 2021/03/08 14:34:01 1 100 2 5 5 0 190 0 0 0 0 0 5386 100 0 0
MEM server 1615214041 2021/03/08 14:34:01 1 4096 508821 279356 145835 14212 28855 60 15612 0 288 0 0 2097152 0 0
SEP
CPU server 1615214042 2021/03/08 14:34:02 1 100 2 5 5 0 190 0 0 0 0 0 5386 100 0 0
MEM server 1615214042 2021/03/08 14:34:02 1 4096 508821 279356 145837 14212 28859 62 15612 0 288 0 0 2097152 0 0
SEP
CPU server 1615214043 2021/03/08 14:34:03 1 100 2 6 4 0 191 0 0 0 0 0 5386 100 0 0
MEM server 1615214043 2021/03/08 14:34:03 1 4096 508821 279356 145837 14212 28880 62 15612 0 288 0 0 2097152 0 0
SEP
CPU server 1615214044 2021/03/08 14:34:04 1 100 2 5 4 0 190 0 0 0 0 0 5386 100 0 0
MEM server 1615214044 2021/03/08 14:34:04 1 4096 508821 279356 145840 14212 28858 65 15612 0 288 0 0 2097152 0 0
SEP
CPU server 1615214045 2021/03/08 14:34:05 1 100 2 6 5 0 189 0 0 0 0 0 5386 100 0 0
MEM server 1615214045 2021/03/08 14:34:05 1 4096 508821 279356 145842 14212 28861 68 15612 0 288 0 0 2097152 0 0
SEP
CPU server 1615214046 2021/03/08 14:34:06 1 100 2 5 5 0 191 0 0 0 0 0 5386 100 0 0
MEM server 1615214046 2021/03/08 14:34:06 1 4096 508821 279356 145844 14212 28855 71 15612 0 288 0 0 2097152 0 0
SEP
CPU server 1615214047 2021/03/08 14:34:07 1 100 2 5 4 0 190 0 0 0 0 0 5386 100 0 0
MEM server 1615214047 2021/03/08 14:34:07 1 4096 508821 279356 145845 14212 28841 72 15612 0 288 0 0 2097152 0 0
SEP
CPU server 1615214048 2021/03/08 14:34:08 1 100 2 5 6 0 190 0 0 0 0 0 5386 100 0 0
MEM server 1615214048 2021/03/08 14:34:08 1 4096 508821 279356 145846 14212 28842 73 15612 0 288 0 0 2097152 0 0
SEP
CPU server 1615214049 2021/03/08 14:34:09 1 100 2 6 3 0 190 0 0 0 0 0 5386 100 0 0
MEM server 1615214049 2021/03/08 14:34:09 1 4096 508821 279356 145848 14212 28842 12 15612 0 288 0 0 2097152 0 0
SEP
CPU server 1615214050 2021/03/08 14:34:10 1 100 2 6 4 0 189 0 0 0 0 0 5386 100 0 0
MEM server 1615214050 2021/03/08 14:34:10 1 4096 508821 279356 145849 14212 28841 43 15612 0 288 0 0 2097152 0 0
SEP
CPU server 1615214051 2021/03/08 14:34:11 1 100 2 6 5 0 190 0 0 0 0 0 5386 100 0 0
MEM server 1615214051 2021/03/08 14:34:11 1 4096 508821 279356 145851 14214 28841 60 15612 0 288 0 0 2097152 0 0
SEP
CPU server 1615214052 2021/03/08 14:34:12 1 100 2 6 4 0 191 0 0 0 0 0 5386 100 0 0
MEM server 1615214052 2021/03/08 14:34:12 1 4096 508821 279356 145852 14214 28849 61 15612 0 288 0 0 2097152 0 0
SEP
CPU server 1615214053 2021/03/08 14:34:13 1 100 2 5 4 0 190 0 0 1 0 0 5386 100 0 0
MEM server 1615214053 2021/03/08 14:34:13 1 4096 508821 279356 145854 14214 28845 63 15613 0 288 0 0 2097152 0 0
SEP
CPU server 1615214054 2021/03/08 14:34:14 1 100 2 7 3 0 190 0 0 0 0 0 5386 100 0 0
MEM server 1615214054 2021/03/08 14:34:14 1 4096 508821 279356 145855 14214 28848 64 15613 0 288 0 0 2097152 0 0
SEP
CPU server 1615214055 2021/03/08 14:34:15 1 100 2 7 3 0 190 0 0 0 0 0 5386 100 0 0
MEM server 1615214055 2021/03/08 14:34:15 1 4096 508821 279356 145857 14214 28847 66 15613 0 288 0 0 2097152 0 0
SEP
CPU server 1615214056 2021/03/08 14:34:16 1 100 2 6 4 0 189 0 0 0 0 0 5386 100 0 0
MEM server 1615214056 2021/03/08 14:34:16 1 4096 508821 279356 145857 14216 28847 66 15613 0 288 0 0 2097152 0 0
SEP
CPU server 1615214057 2021/03/08 14:34:17 1 100 2 6 4 0 191 0 0 0 0 0 5386 100 0 0
MEM server 1615214057 2021/03/08 14:34:17 1 4096 508821 279356 145859 14216 28837 68 15613 0 288 0 0 2097152 0 0
SEP
CPU server 1615214058 2021/03/08 14:34:18 1 100 2 5 6 0 190 0 0 0 0 0 5386 100 0 0
MEM server 1615214058 2021/03/08 14:34:18 1 4096 508821 279356 145861 14216 28845 70 15613 0 288 0 0 2097152 0 0
SEP
CPU server 1615214059 2021/03/08 14:34:19 1 100 2 7 3 0 190 0 0 0 0 0 5386 100 0 0
MEM server 1615214059 2021/03/08 14:34:19 1 4096 508821 279356 145862 14216 28844 71 15613 0 288 0 0 2097152 0 0
SEP
CPU server 1615214060 2021/03/08 14:34:20 1 100 2 6 5 0 190 0 0 0 0 0 5386 100 0 0
MEM server 1615214060 2021/03/08 14:34:20 1 4096 508821 279293 145864 14216 28849 74 15613 0 288 0 0 2097152 0 0
SEP
CPU server 1615214061 2021/03/08 14:34:21 1 100 2 4 4 0 190 0 0 0 0 0 5386 100 0 0
MEM server 1615214061 2021/03/08 14:34:21 1 4096 508821 279293 145865 14218 28840 75 15613 0 288 0 0 2097152 0 0
SEP
CPU server 1615214062 2021/03/08 14:34:22 1 100 2 4 7 0 190 0 0 1 0 0 5386 100 0 0
MEM server 1615214062 2021/03/08 14:34:22 1 4096 508821 279293 145866 14218 28842 76 15613 0 288 0 0 2097152 0 0
SEP
CPU server 1615214063 2021/03/08 14:34:23 1 100 2 6 4 0 190 0 0 0 0 0 5386 100 0 0
MEM server 1615214063 2021/03/08 14:34:23 1 4096 508821 279293 145868 14218 28846 78 15613 0 288 0 0 2097152 0 0
SEP
CPU server 1615214064 2021/03/08 14:34:24 1 100 2 6 5 0 190 0 0 0 0 0 5386 100 0 0
MEM server 1615214064 2021/03/08 14:34:24 1 4096 508821 279293 145869 14218 28838 79 15613 0 288 0 0 2097152 0 0
SEP
CPU server 1615214065 2021/03/08 14:34:25 1 100 2 5 5 0 190 0 0 0 0 0 5386 100 0 0
MEM server 1615214065 2021/03/08 14:34:25 1 4096 508821 279293 145871 14218 28840 0 15613 0 288 0 0 2097152 0 0
SEP
CPU server 1615214066 2021/03/08 14:34:26 1 100 2 5 5 0 190 0 0 0 0 0 5386 100 0 0
MEM server 1615214066 2021/03/08 14:34:26 1 4096 508821 279293 145872 14219 28842 50 15613 0 288 0 0 2097152 0 0
SEP
CPU server 1615214067 2021/03/08 14:34:27 1 100 2 6 4 0 190 0 0 0 0 0 5386 100 0 0
MEM server 1615214067 2021/03/08 14:34:27 1 4096 508821 279293 145872 14219 28842 50 15613 0 288 0 0 2097152 0 0
SEP
CPU server 1615214068 2021/03/08 14:34:28 1 100 2 5 4 0 190 0 0 0 0 0 5386 100 0 0
MEM server 1615214068 2021/03/08 14:34:28 1 4096 508821 279293 145875 14219 28846 53 15613 0 288 0 0 2097152 0 0
SEP
CPU server 1615214069 2021/03/08 14:34:29 1 100 2 6 5 0 190 0 0 0 0 0 5386 100 0 0
MEM server 1615214069 2021/03/08 14:34:29 1 4096 508821 279293 145876 14219 28844 54 15613 0 288 0 0 2097152 0 0
SEP
CPU server 1615214070 2021/03/08 14:34:30 1 100 2 5 4 0 190 0 0 0 0 0 5386 100 0 0
MEM server 1615214070 2021/03/08 14:34:30 1 4096 508821 279230 145878 14219 28849 62 15613 0 288 0 0 2097152 0 0
SEP
CPU server 1615214071 2021/03/08 14:34:31 1 100 2 6 5 0 190 0 0 0 0 0 5386 100 0 0
MEM server 1615214071 2021/03/08 14:34:31 1 4096 508821 279230 145879 14220 28840 64 15613 0 288 0 0 2097152 0 0
SEP
CPU server 1615214072 2021/03/08 14:34:32 1 100 2 5 4 0 190 0 0 1 0 0 5386 100 0 0
MEM server 1615214072 2021/03/08 14:34:32 1 4096 508821 279230 145881 14220 28846 66 15613 0 288 0 0 2097152 0 0
SEP
CPU server 1615214073 2021/03/08 14:34:33 1 100 2 6 4 0 191 0 0 0 0 0 5386 100 0 0
MEM server 1615214073 2021/03/08 14:34:33 1 4096 508821 279230 145882 14220 28848 67 15613 0 288 0 0 2097152 0 0
SEP
CPU server 1615214074 2021/03/08 14:34:34 1 100 2 6 4 0 190 0 0 0 0 0 5386 100 0 0
MEM server 1615214074 2021/03/08 14:34:34 1 4096 508821 279230 145884 14220 28846 69 15613 0 288 0 0 2097152 0 0
SEP
CPU server 1615214075 2021/03/08 14:34:35 1 100 2 5 5 0 190 0 0 0 0 0 5386 100 0 0
MEM server 1615214075 2021/03/08 14:34:35 1 4096 508821 279230 145885 14220 28845 71 15613 0 288 0 0 2097152 0 0
SEP
CPU server 1615214076 2021/03/08 14:34:36 1 100 2 7 3 0 189 0 0 0 0 0 5386 100 0 0
MEM server 1615214076 2021/03/08 14:34:36 1 4096 508821 279230 145886 14222 28845 73 15613 0 288 0 0 2097152 0 0
SEP
CPU server 1615214077 2021/03/08 14:34:37 1 100 2 7 3 0 191 0 0 0 0 0 5386 100 0 0
MEM server 1615214077 2021/03/08 14:34:37 1 4096 508821 279230 145885 14226 28846 27 15613 0 288 0 0 2097152 0 0
SEP
CPU server 1615214078 2021/03/08 14:34:38 1 100 2 7 3 0 190 0 0 0 0 0 5386 100 0 0
MEM server 1615214078 2021/03/08 14:34:38 1 4096 508821 279230 145890 14226 28840 29 15613 0 288 0 0 2097152 0 0
SEP
CPU server 1615214079 2021/03/08 14:34:39 1 100 2 6 4 0 191 0 0 1 0 0 5386 100 0 0
MEM server 1615214079 2021/03/08 14:34:39 1 4096 508821 279230 145892 14226 28848 31 15613 0 288 0 0 2097152 0 0
SEP
CPU server 1615214080 2021/03/08 14:34:40 1 100 2 5 5 0 189 0 0 0 0 0 5386 100 0 0
MEM server 1615214080 2021/03/08 14:34:40 1 4096 508821 279167 145893 14227 28844 72 15614 0 288 0 0 2097152 0 0
SEP
CPU server 1615214081 2021/03/08 14:34:41 1 100 2 6 5 0 190 0 0 0 0 0 5386 100 0 0
MEM server 1615214081 2021/03/08 14:34:41 1 4096 508821 279230 145895 14227 28847 80 15614 0 288 0 0 2097152 0 0
SEP
CPU server 1615214082 2021/03/08 14:34:42 1 100 2 4 6 0 190 0 0 0 0 0 5386 100 0 0
MEM server 1615214082 2021/03/08 14:34:42 1 4096 508821 279230 145896 14227 28845 81 15614 0 288 0 0 2097152 0 0
SEP
CPU server 1615214083 2021/03/08 14:34:43 1 100 2 7 3 0 191 0 0 0 0 0 5386 100 0 0
MEM server 1615214083 2021/03/08 14:34:43 1 4096 508821 279230 145898 14227 28853 83 15614 0 288 0 0 2097152 0 0
SEP
CPU server 1615214084 2021/03/08 14:34:44 1 100 2 6 4 0 194 0 0 0 0 0 5386 100 0 0
MEM server 1615214084 2021/03/08 14:34:44 1 4096 508821 279230 145899 14227 28852 84 15614 0 288 0 0 2097152 0 0
SEP
CPU server 1615214085 2021/03/08 14:34:45 1 100 2 6 5 0 190 0 0 0 0 0 5386 100 0 0
MEM server 1615214085 2021/03/08 14:34:45 1 4096 508821 279230 145900 14229 28853 86 15614 0 288 0 0 2097152 0 0
SEP
CPU server 1615214086 2021/03/08 14:34:46 1 100 2 6 4 0 190 0 0 0 0 0 5386 100 0 0
MEM server 1615214086 2021/03/08 14:34:46 1 4096 508821 279230 145902 14229 28848 88 15614 0 288 0 0 2097152 0 0
SEP
CPU server 1615214087 2021/03/08 14:34:47 1 100 2 5 5 0 190 0 0 0 0 0 5386 100 0 0
MEM server 1615214087 2021/03/08 14:34:47 1 4096 508821 279230 145903 14229 28840 89 15614 0 288 0 0 2097152 0 0
SEP
CPU server 1615214088 2021/03/08 14:34:48 1 100 2 5 4 0 190 0 0 0 0 0 5386 100 0 0
MEM server 1615214088 2021/03/08 14:34:48 1 4096 508821 279230 145905 14229 28845 91 15614 0 288 0 0 2097152 0 0
SEP
CPU server 1615214089 2021/03/08 14:34:49 1 100 2 6 5 0 190 0 0 0 0 0 5386 100 0 0
MEM server 1615214089 2021/03/08 14:34:49 1 4096 508821 279230 145906 14229 28846 92 15614 0 288 0 0 2097152 0 0
SEP
CPU server 1615214090 2021/03/08 14:34:50 1 100 2 9 30 0 112 39 0 6 0 0 5386 100 0 0
MEM server 1615214090 2021/03/08 14:34:50 1 4096 508821 278125 145908 14231 28855 95 15614 0 288 0 0 2097152 0 0
SEP
CPU server 1615214091 2021/03/08 14:34:51 1 100 2 11 23 0 78 69 0 6 0 0 5386 100 0 0
MEM server 1615214091 2021/03/08 14:34:51 1 4096 508821 277992 145909 14231 28865 96 15614 0 288 0 0 2097152 0 0
SEP
CPU server 1615214092 2021/03/08 14:34:52 1 100 2 13 28 0 98 46 0 4 0 0 5386 100 0 0
MEM server 1615214092 2021/03/08 14:34:52 1 4096 508821 277535 145911 14231 28860 98 15614 0 288 0 0 2097152 0 0
SEP
CPU server 1615214093 2021/03/08 14:34:53 1 100 2 9 26 0 91 60 0 6 0 0 5386 100 0 0
MEM server 1615214093 2021/03/08 14:34:53 1 4096 508821 277499 145913 14231 28861 98 15618 0 288 0 0 2097152 0 0
SEP
CPU server 1615214094 2021/03/08 14:34:54 1 100 2 10 22 0 87 66 0 2 0 0 5386 100 0 0
MEM server 1615214094 2021/03/08 14:34:54 1 4096 508821 277503 145914 14231 28886 101 15622 0 288 0 0 2097152 0 0
SEP
CPU server 1615214095 2021/03/08 14:34:55 1 100 2 11 27 0 86 64 0 3 0 0 5386 100 0 0
MEM server 1615214095 2021/03/08 14:34:55 1 4096 508821 277425 145915 14233 28880 102 15622 0 288 0 0 2097152 0 0
SEP
CPU server 1615214096 2021/03/08 14:34:56 1 100 2 10 19 0 90 64 0 5 0 0 5386 100 0 0
MEM server 1615214096 2021/03/08 14:34:56 1 4096 508821 277440 145916 14233 28862 0 15622 0 288 0 0 2097152 0 0
SEP
CPU server 1615214097 2021/03/08 14:34:57 1 100 2 10 20 0 90 65 0 4 0 0 5386 100 0 0
MEM server 1615214097 2021/03/08 14:34:57 1 4096 508821 277528 145919 14233 28885 3 15622 0 288 0 0 2097152 0 0
SEP
CPU server 1615214098 2021/03/08 14:34:58 1 100 2 11 22 0 87 65 0 3 0 0 5386 100 0 0
MEM server 1615214098 2021/03/08 14:34:58 1 4096 508821 277000 145920 14233 28882 4 15622 0 288 0 0 2097152 0 0
SEP
CPU server 1615214099 2021/03/08 14:34:59 1 100 2 9 25 0 89 62 0 3 0 0 5386 100 0 0
MEM server 1615214099 2021/03/08 14:34:59 1 4096 508821 276929 145922 14233 28887 6 15622 0 288 0 0 2097152 0 0
SEP
CPU server 1615214100 2021/03/08 14:35:00 1 100 2 6 28 0 84 67 0 6 0 0 5386 100 0 0
MEM server 1615214100 2021/03/08 14:35:00 1 4096 508821 276771 145923 14235 28878 57 15623 0 288 0 0 2097152 0 0
SEP
CPU server 1615214101 2021/03/08 14:35:01 1 100 2 8 22 0 94 63 0 6 0 0 5386 100 0 0
MEM server 1615214101 2021/03/08 14:35:01 1 4096 508821 276779 145926 14235 28884 65 15623 0 288 0 0 2097152 0 0
SEP
CPU server 1615214102 2021/03/08 14:35:02 1 100 2 7 22 0 85 71 0 4 0 0 5386 100 0 0
MEM server 1615214102 2021/03/08 14:35:02 1 4096 508821 276660 145927 14235 28881 66 15623 0 288 0 0 2097152 0 0
SEP
CPU server 1615214103 2021/03/08 14:35:03 1 100 2 9 23 0 89 66 0 5 0 0 5386 100 0 0
MEM server 1615214103 2021/03/08 14:35:03 1 4096 508821 276692 145929 14235 28889 68 15623 0 288 0 0 2097152 0 0
SEP
CPU server 1615214104 2021/03/08 14:35:04 1 100 2 9 23 0 91 68 0 3 0 0 5386 100 0 0
MEM server 1615214104 2021/03/08 14:35:04 1 4096 508821 276716 145930 14235 28892 69 15623 0 288 0 0 2097152 0 0
SEP
CPU server 1615214105 2021/03/08 14:35:05 1 100 2 11 24 0 94 65 0 5 0 0 5386 100 0 0
MEM server 1615214105 2021/03/08 14:35:05 1 4096 508821 276582 145933 14237 28886 72 15623 0 288 0 0 2097152 0 0
SEP
CPU server 1615214106 2021/03/08 14:35:06 1 100 2 7 22 0 95 65 0 4 0 0 5386 100 0 0
MEM server 1615214106 2021/03/08 14:35:06 1 4096 508821 276622 145933 14237 28888 72 15623 0 288 0 0 2097152 0 0
SEP
CPU server 1615214107 2021/03/08 14:35:07 1 100 2 10 22 0 92 65 0 5 0 0 5386 100 0 0
MEM server 1615214107 2021/03/08 14:35:07 1 4096 508821 276622 145936 14237 28887 75 15623 0 288 0 0 2097152 0 0
SEP
CPU server 1615214108 2021/03/08 14:35:08 1 100 2 9 17 0 93 69 0 6 0 0 5386 100 0 0
MEM server 1615214108 2021/03/08 14:35:08 1 4096 508821 276606 145938 14237 28894 76 15623 0 288 0 0 2097152 0 0
SEP
CPU server 1615214109 2021/03/08 14:35:09 1 100 2 10 27 0 86 70 0 6 0 0 5386 100 0 0
MEM server 1615214109 2021/03/08 14:35:09 1 4096 508821 276614 145938 14237 28898 76 15623 0 288 0 0 2097152 0 0
SEP
CPU server 1615214110 2021/03/08 14:35:10 1 100 2 7 24 0 97 66 0 3 0 0 5386 100 0 0
MEM server 1615214110 2021/03/08 14:35:10 1 4096 508821 276662 145942 14237 28893 81 15624 0 288 0 0 2097152 0 0
SEP
CPU server 1615214111 2021/03/08 14:35:11 1 100 2 8 24 0 94 66 0 7 0 0 5386 100 0 0
MEM server 1615214111 2021/03/08 14:35:11 1 4096 508821 276583 145944 14239 28903 0 15624 0 288 0 0 2097152 0 0
SEP
CPU server 1615214112 2021/03/08 14:35:12 1 100 2 8 20 0 111 52 0 5 0 0 5386 100 0 0
MEM server 1615214112 2021/03/08 14:35:12 1 4096 508821 276520 145946 14239 28888 2 15624 0 288 0 0 2097152 0 0
SEP
CPU server 1615214113 2021/03/08 14:35:13 1 100 2 7 20 0 87 71 0 5 0 0 5386 100 0 0
MEM server 1615214113 2021/03/08 14:35:13 1 4096 508821 276464 145948 14239 28920 4 15625 0 288 0 0 2097152 0 0
SEP
CPU server 1615214114 2021/03/08 14:35:14 1 100 2 10 16 0 88 72 0 3 0 0 5386 100 0 0
MEM server 1615214114 2021/03/08 14:35:14 1 4096 508821 276377 145949 14239 28910 4 15625 0 288 0 0 2097152 0 0
SEP
CPU server 1615214115 2021/03/08 14:35:15 1 100 2 10 17 0 90 71 0 7 0 0 5386 100 0 0
MEM server 1615214115 2021/03/08 14:35:15 1 4096 508821 276338 145950 14239 28925 47 15625 0 288 0 0 2097152 0 0
SEP
CPU server 1615214116 2021/03/08 14:35:16 1 100 2 12 18 0 89 69 0 4 0 0 5386 100 0 0
MEM server 1615214116 2021/03/08 14:35:16 1 4096 508821 276464 145953 14241 28920 65 15625 0 288 0 0 2097152 0 0
SEP
CPU server 1615214117 2021/03/08 14:35:17 1 100 2 10 11 0 88 75 0 5 0 0 5386 100 0 0
MEM server 1615214117 2021/03/08 14:35:17 1 4096 508821 276432 145954 14241 28926 66 15625 0 288 0 0 2097152 0 0
SEP
CPU server 1615214118 2021/03/08 14:35:18 1 100 2 10 16 0 82 81 0 4 0 0 5386 100 0 0
MEM server 1615214118 2021/03/08 14:35:18 1 4096 508821 276408 145956 14241 28920 68 15625 0 288 0 0 2097152 0 0
SEP
CPU server 1615214119 2021/03/08 14:35:19 1 100 2 10 14 0 94 70 0 3 0 0 5386 100 0 0
MEM server 1615214119 2021/03/08 14:35:19 1 4096 508821 276377 145957 14241 28920 69 15625 0 288 0 0 2097152 0 0
SEP
CPU server 1615214120 2021/03/08 14:35:20 1 100 2 9 18 0 87 77 0 4 0 0 5386 100 0 0
MEM server 1615214120 2021/03/08 14:35:20 1 4096 508821 276330 145960 14241 28894 71 15625 0 288 0 0 2097152 0 0
SEP
CPU server 1615214121 2021/03/08 14:35:21 1 100 2 9 16 0 79 80 0 4 0 0 5386 100 0 0
MEM server 1615214121 2021/03/08 14:35:21 1 4096 508821 276370 145961 14243 28904 74 15626 0 288 0 0 2097152 0 0
SEP
CPU server 1615214122 2021/03/08 14:35:22 1 100 2 7 14 0 91 74 0 6 0 0 5386 100 0 0
MEM server 1615214122 2021/03/08 14:35:22 1 4096 508821 276290 145963 14243 28904 76 15626 0 288 0 0 2097152 0 0
SEP
CPU server 1615214123 2021/03/08 14:35:23 1 100 2 8 16 0 93 72 0 3 0 0 5386 100 0 0
MEM server 1615214123 2021/03/08 14:35:23 1 4096 508821 275865 145964 14243 28910 77 15626 0 288 0 0 2097152 0 0
SEP
CPU server 1615214124 2021/03/08 14:35:24 1 100 2 8 18 0 92 73 0 3 0 0 5386 100 0 0
MEM server 1615214124 2021/03/08 14:35:24 1 4096 508821 275503 145968 14243 28912 79 15626 0 288 0 0 2097152 0 0
SEP
CPU server 1615214125 2021/03/08 14:35:25 1 100 2 8 12 0 88 76 0 3 0 0 5386 100 0 0
MEM server 1615214125 2021/03/08 14:35:25 1 4096 508821 275503 145968 14243 28905 80 15626 0 288 0 0 2097152 0 0
SEP
CPU server 1615214126 2021/03/08 14:35:26 1 100 2 9 15 0 89 75 0 5 0 0 5386 100 0 0
MEM server 1615214126 2021/03/08 14:35:26 1 4096 508821 274802 145970 14243 28907 82 15626 0 288 0 0 2097152 0 0
SEP
CPU server 1615214127 2021/03/08 14:35:27 1 100 2 10 16 0 87 76 0 7 0 0 5386 100 0 0
MEM server 1615214127 2021/03/08 14:35:27 1 4096 508821 274471 145971 14245 28916 83 15626 0 288 0 0 2097152 0 0
SEP
CPU server 1615214128 2021/03/08 14:35:28 1 100 2 6 13 0 94 73 0 7 0 0 5386 100 0 0
MEM server 1615214128 2021/03/08 14:35:28 1 4096 508821 274345 145973 14245 28920 85 15626 0 288 0 0 2097152 0 0
SEP
CPU server 1615214129 2021/03/08 14:35:29 1 100 2 8 13 0 92 74 0 5 0 0 5386 100 0 0
MEM server 1615214129 2021/03/08 14:35:29 1 4096 508821 274377 145975 14245 28916 86 15626 0 288 0 0 2097152 0 0
SEP
CPU server 1615214130 2021/03/08 14:35:30 1 100 2 9 14 0 89 76 0 5 0 0 5386 100 0 0
MEM server 1615214130 2021/03/08 14:35:30 1 4096 508821 274369 145977 14245 28925 89 15626 0 288 0 0 2097152 0 0
SEP
CPU server 1615214131 2021/03/08 14:35:31 1 100 2 8 15 0 101 64 0 3 0 0 5386 100 0 0
MEM server 1615214131 2021/03/08 14:35:31 1 4096 508821 274345 145978 14245 28912 90 15626 0 288 0 0 2097152 0 0
SEP
CPU server 1615214132 2021/03/08 14:35:32 1 100 2 9 15 0 101 64 0 3 0 0 5386 100 0 0
MEM server 1615214132 2021/03/08 14:35:32 1 4096 508821 274251 145977 14247 28909 91 15626 0 288 0 0 2097152 0 0
SEP
CPU server 1615214133 2021/03/08 14:35:33 1 100 2 9 14 0 95 70 0 3 0 0 5386 100 0 0
MEM server 1615214133 2021/03/08 14:35:33 1 4096 508821 274235 145982 14247 28911 93 15626 0 288 0 0 2097152 0 0
SEP
CPU server 1615214134 2021/03/08 14:35:34 1 100 2 11 17 0 91 74 0 5 0 0 5386 100 0 0
MEM server 1615214134 2021/03/08 14:35:34 1 4096 508821 274219 145983 14247 28909 94 15626 0 288 0 0 2097152 0 0
SEP
CPU server 1615214135 2021/03/08 14:35:35 1 100 2 9 10 0 89 79 0 4 0 0 5386 100 0 0
MEM server 1615214135 2021/03/08 14:35:35 1 4096 508821 274132 145985 14247 28917 97 15626 0 288 0 0 2097152 0 0
SEP
CPU server 1615214136 2021/03/08 14:35:36 1 100 2 8 18 0 94 72 0 4 0 0 5386 100 0 0
MEM server 1615214136 2021/03/08 14:35:36 1 4096 508821 274108 145986 14247 28926 99 15626 0 288 0 0 2097152 0 0
SEP
CPU server 1615214137 2021/03/08 14:35:37 1 100 2 7 15 0 89 77 0 5 0 0 5386 100 0 0
MEM server 1615214137 2021/03/08 14:35:37 1 4096 508821 274108 145988 14247 28919 101 15626 0 288 0 0 2097152 0 0
SEP
CPU server 1615214138 2021/03/08 14:35:38 1 100 2 9 14 0 90 77 0 1 0 0 5386 100 0 0
MEM server 1615214138 2021/03/08 14:35:38 1 4096 508821 274068 145988 14249 28922 102 15626 0 288 0 0 2097152 0 0
SEP
CPU server 1615214139 2021/03/08 14:35:39 1 100 2 9 14 0 84 82 0 4 0 0 5386 100 0 0
MEM server 1615214139 2021/03/08 14:35:39 1 4096 508821 274084 145992 14249 28918 104 15626 0 288 0 0 2097152 0 0
SEP
CPU server 1615214140 2021/03/08 14:35:40 1 100 2 10 11 0 92 75 0 4 0 0 5386 100 0 0
MEM server 1615214140 2021/03/08 14:35:40 1 4096 508821 274045 145994 14249 28913 106 15626 0 288 0 0 2097152 0 0
SEP
CPU server 1615214141 2021/03/08 14:35:41 1 100 2 8 15 0 92 75 0 2 0 0 5386 100 0 0
MEM server 1615214141 2021/03/08 14:35:41 1 4096 508821 274053 145996 14249 28925 109 15626 0 288 0 0 2097152 0 0
SEP
CPU server 1615214142 2021/03/08 14:35:42 1 100 2 8 14 0 92 76 0 3 0 0 5386 100 0 0
MEM server 1615214142 2021/03/08 14:35:42 1 4096 508821 274061 145998 14249 28927 64 15626 0 288 0 0 2097152 0 0
SEP
CPU server 1615214143 2021/03/08 14:35:43 1 100 2 7 9 0 157 26 0 0 0 0 5386 100 0 0
MEM server 1615214143 2021/03/08 14:35:43 1 4096 508821 274109 145999 14249 28932 66 15626 0 288 0 0 2097152 0 0
SEP
CPU server 1615214144 2021/03/08 14:35:44 1 100 2 5 6 0 200 0 0 0 0 0 5386 100 0 0
MEM server 1615214144 2021/03/08 14:35:44 1 4096 508821 274109 146001 14251 28929 68 15626 0 288 0 0 2097152 0 0
SEP
CPU server 1615214145 2021/03/08 14:35:45 1 100 2 6 4 0 189 0 0 0 0 0 5386 100 0 0
MEM server 1615214145 2021/03/08 14:35:45 1 4096 508821 274109 146002 14251 28930 69 15626 0 288 0 0 2097152 0 0
SEP
CPU server 1615214146 2021/03/08 14:35:46 1 100 2 6 5 0 191 0 0 0 0 0 5386 100 0 0
MEM server 1615214146 2021/03/08 14:35:46 1 4096 508821 274046 146004 14251 28934 72 15626 0 288 0 0 2097152 0 0
SEP
CPU server 1615214147 2021/03/08 14:35:47 1 100 2 4 5 0 200 0 0 1 0 0 5386 100 0 0
MEM server 1615214147 2021/03/08 14:35:47 1 4096 508821 274046 146005 14251 28921 10 15626 0 288 0 0 2097152 0 0
SEP
CPU server 1615214148 2021/03/08 14:35:48 1 100 2 6 4 0 190 0 0 0 0 0 5386 100 0 0
MEM server 1615214148 2021/03/08 14:35:48 1 4096 508821 274046 146007 14251 28921 10 15626 0 288 0 0 2097152 0 0
SEP
CPU server 1615214149 2021/03/08 14:35:49 1 100 2 3 7 0 190 0 0 0 0 0 5386 100 0 0
MEM server 1615214149 2021/03/08 14:35:49 1 4096 508821 274046 146006 14253 28926 53 15626 0 288 0 0 2097152 0 0
SEP
CPU server 1615214150 2021/03/08 14:35:50 1 100 2 4 6 0 190 0 0 0 0 0 5386 100 0 0
MEM server 1615214150 2021/03/08 14:35:50 1 4096 508821 274046 146010 14253 28931 61 15627 0 288 0 0 2097152 0 0
SEP
CPU server 1615214151 2021/03/08 14:35:51 1 100 2 5 5 0 190 0 0 0 0 0 5386 100 0 0
MEM server 1615214151 2021/03/08 14:35:51 1 4096 508821 274046 146011 14253 28924 69 15628 0 288 0 0 2097152 0 0
SEP
CPU server 1615214152 2021/03/08 14:35:52 1 100 2 6 4 0 190 0 0 0 0 0 5386 100 0 0
MEM server 1615214152 2021/03/08 14:35:52 1 4096 508821 274046 146013 14253 28926 71 15628 0 288 0 0 2097152 0 0
SEP
CPU server 1615214153 2021/03/08 14:35:53 1 100 2 5 6 0 190 0 0 0 0 0 5386 100 0 0
MEM server 1615214153 2021/03/08 14:35:53 1 4096 508821 274046 146014 14253 28929 72 15628 0 288 0 0 2097152 0 0
SEP
CPU server 1615214154 2021/03/08 14:35:54 1 100 2 8 2 0 190 0 0 0 0 0 5386 100 0 0
MEM server 1615214154 2021/03/08 14:35:54 1 4096 508821 274046 146015 14253 28922 73 15628 0 288 0 0 2097152 0 0
SEP
CPU server 1615214155 2021/03/08 14:35:55 1 100 2 6 4 0 190 0 0 0 0 0 5386 100 0 0
MEM server 1615214155 2021/03/08 14:35:55 1 4096 508821 274046 146017 14255 28928 76 15628 0 288 0 0 2097152 0 0
SEP
CPU server 1615214156 2021/03/08 14:35:56 1 100 2 7 4 0 190 0 0 0 0 0 5386 100 0 0
MEM server 1615214156 2021/03/08 14:35:56 1 4096 508821 274046 146018 14255 28949 77 15628 0 288 0 0 2097152 0 0
SEP
CPU server 1615214157 2021/03/08 14:35:57 1 100 2 7 3 0 194 0 0 0 0 0 5386 100 0 0
MEM server 1615214157 2021/03/08 14:35:57 1 4096 508821 273983 146020 14255 28923 79 15628 0 288 0 0 2097152 0 0
SEP
CPU server 1615214158 2021/03/08 14:35:58 1 100 2 4 5 0 190 0 0 0 0 0 5386 100 0 0
MEM server 1615214158 2021/03/08 14:35:58 1 4096 508821 273983 146021 14255 28930 80 15628 0 288 0 0 2097152 0 0
SEP
CPU server 1615214159 2021/03/08 14:35:59 1 100 2 6 4 0 190 0 0 0 0 0 5386 100 0 0
MEM server 1615214159 2021/03/08 14:35:59 1 4096 508821 273983 146023 14255 28924 82 15628 0 288 0 0 2097152 0 0
SEP
