time,code,data
20,200,2
5,200,95
8,200,119
8,200,114
3,200,42
5,200,48
3,200,127
6,200,86
1,200,96
1,200,106
1,200,110
1,200,102
1,200,91
1,200,97
1,200,116
1,200,32
1,200,110
1,200,23
1,200,87
1,200,69
2,200,102
1,200,95
1,200,39
1,200,42
1,200,75
1,200,45
1,200,107
0,200,46
3,200,100
0,200,58
1,200,87
1,200,107
2,200,113
1,200,40
1,200,73
1,200,114
1,200,99
1,200,97
0,200,49
1,200,70
2,200,101
1,200,63
1,200,105
2,200,106
1,200,72
1,200,53
1,200,113
1,200,36
1,200,113
1,200,53
1,200,119
3,200,76
1,200,30
1,200,63
1,200,81
0,200,34
1,200,75
1,200,116
1,200,40
0,200,30
1,200,107
1,200,55
2,200,72
1,200,88
3,200,96
0,200,41
1,200,34
0,200,45
1,200,95
1,200,65
1,200,105
2,200,108
3,200,101
2,200,102
0,200,93
2,200,102
1,200,25
1,200,36
2,200,103
0,200,70
1,200,104
2,200,100
1,200,99
1,200,32
1,200,32
1,200,56
2,200,104
1,200,37
0,200,27
0,200,47
2,200,98
2,200,96
3,200,94
1,200,103
1,200,96
1,200,71
0,200,40
1,200,102
1,200,41
1,200,31
0,200,19
1,200,103
1,200,55
2,200,92
1,200,87
1,200,99
1,200,107
1,200,31
0,200,37
1,200,50
5,200,99
2,200,109
1,200,30
1,200,81
0,200,43
0,200,107
1,200,65
1,200,70
2,200,113
1,200,112
0,200,32
1,200,41
1,200,104
1,200,70
1,200,95
1,200,98
1,200,31
1,200,81
1,200,53
0,200,103
2,200,102
0,200,37
1,200,84
1,200,85
1,200,68
1,200,102
1,200,55
1,200,102
1,200,110
1,200,84
2,200,98
1,200,102
3,200,105
2,200,105
1,200,59
1,200,68
1,200,95
1,200,107
1,200,47
1,200,106
1,200,43
1,200,85
1,200,48
2,200,96
0,200,57
2,200,108
1,200,108
1,200,38
1,200,111
0,200,101
2,200,91
1,200,107
1,200,96
1,200,52
1,200,65
1,200,100
1,200,94
1,200,47
1,200,94
0,200,61
1,200,54
1,200,50
1,200,42
6,200,78
1,200,98
2,200,91
2,200,48
1,200,52
0,200,62
1,200,102
1,200,53
3,200,99
1,200,104
1,200,21
0,200,54
1,200,111
0,200,71
1,200,100
1,200,95
3,200,107
0,200,44
1,200,88
1,200,64
2,200,102
1,200,61
1,200,82
2,200,73
2,200,28
0,200,42
1,200,56
3,200,112
1,200,37
0,200,23
3,200,109
2,200,59
2,200,106
1,200,71
2,200,100
1,200,95
1,200,62
1,200,59
0,200,113
1,200,39
1,200,94
2,200,100
1,200,97
1,200,110
0,200,35
0,200,112
1,200,37
0,200,46
0,200,48
1,200,99
1,200,102
2,200,93
0,200,22
0,200,112
1,200,20
0,200,95
0,200,39
1,200,98
1,200,26
1,200,95
1,200,32
1,200,65
1,200,106
1,200,98
0,200,37
1,200,52
1,200,98
1,200,107
2,200,104
0,200,36
0,200,56
1,200,97
1,200,114
0,200,40
1,200,62
1,200,89
0,200,105
2,200,92
1,200,103
0,200,80
0,200,25
1,200,27
1,200,99
1,200,98
1,200,100
1,200,46
0,200,112
2,200,99
1,200,26
0,200,96
2,200,91
1,200,52
14,200,100
1,200,23
1,200,106
0,200,64
0,200,82
1,200,46
1,200,103
1,200,99
1,200,71
1,200,94
2,200,102
1,200,106
2,200,101
0,200,59
1,200,94
1,200,77
0,200,110
1,200,42
1,200,105
1,200,46
1,200,93
1,200,85
1,200,43
0,200,115
1,200,105
2,200,103
1,200,110
0,200,101
1,200,44
0,200,66
0,200,60
3,200,71
0,200,97
1,200,93
1,200,94
1,200,40
0,200,53
2,200,94
1,200,26
2,200,98
1,200,91
1,200,103
0,200,106
0,200,47
1,200,36
1,200,56
1,200,97
1,200,43
1,200,110
1,200,99
2,200,101
1,200,115
1,200,100
0,200,44
2,200,95
1,200,39
1,200,107
0,200,35
1,200,24
1,200,67
0,200,76
1,200,71
1,200,107
1,200,96
1,200,108
2,200,94
1,200,110
1,200,52
1,200,92
1,200,115
1,200,108
1,200,100
0,200,69
1,200,92
1,200,92
1,200,63
1,200,105
1,200,42
1,200,106
3,200,69
0,200,59
2,200,93
1,200,94
0,200,49
1,200,97
2,200,105
1,200,96
1,200,102
2,200,109
0,200,42
2,200,101
1,200,104
2,200,104
2,200,101
1,200,94
1,200,59
2,200,33
1,200,93
0,200,23
0,200,41
1,200,53
1,200,108
1,200,40
1,200,17
6,200,58
1,200,55
1,200,89
1,200,69
1,200,97
1,200,96
2,200,101
1,200,95
0,200,47
1,200,49
1,200,98
2,200,108
0,200,77
1,200,100
1,200,103
3,200,103
1,200,109
1,200,66
1,200,32
1,200,20
0,200,79
1,200,64
1,200,98
0,200,98
2,200,105
2,200,104
1,200,104
0,200,102
2,200,94
1,200,83
1,200,41
1,200,97
1,200,102
2,200,108
1,200,32
1,200,60
1,200,40
1,200,65
1,200,46
2,200,108
1,200,58
0,200,28
1,200,107
2,200,88
1,200,22
1,200,100
0,200,50
0,200,42
1,200,54
1,200,58
1,200,98
1,200,92
1,200,34
1,200,78
0,200,31
0,200,56
2,200,111
1,200,92
1,200,81
1,200,99
1,200,64
1,200,97
1,200,71
1,200,49
0,200,31
1,200,98
2,200,104
2,200,94
1,200,65
1,200,99
1,200,103
5,200,121
1,200,70
1,200,99
1,200,94
0,200,35
1,200,64
0,200,94
1,200,37
1,200,97
1,200,41
1,200,90
1,200,108
1,200,92
0,200,23
1,200,106
1,200,41
1,200,64
1,200,70
1,200,68
1,200,108
0,200,50
1,200,43
0,200,38
1,200,95
1,200,112
1,200,107
1,200,40
1,200,116
2,200,107
1,200,57
1,200,103
0,200,30
1,200,31
1,200,38
0,200,40
0,200,37
1,200,105
1,200,82
0,200,102
1,200,57
1,200,96
3,200,106
1,200,98
0,200,113
1,200,85
0,200,123
0,200,48
1,200,87
1,200,92
1,200,78
1,200,81
0,200,22
1,200,100
1,200,62
0,200,103
1,200,37
1,200,50
1,200,96
0,200,40
5,200,102
1,200,108
