time,code,data
2,200,2
19,200,107
24,200,46
1,200,100
0,200,58
1,200,87
1,200,107
1,200,113
0,200,40
0,200,73
1,200,114
1,200,99
0,200,97
0,200,49
0,200,70
1,200,101
1,200,63
1,200,105
1,200,106
1,200,72
1,200,53
1,200,113
1,200,36
1,200,113
1,200,53
1,200,119
0,200,95
1,200,119
1,200,114
1,200,42
0,200,48
1,200,127
1,200,86
1,200,96
1,200,106
1,200,110
1,200,102
1,200,91
0,200,97
1,200,116
0,200,32
1,200,110
0,200,23
1,200,87
1,200,69
0,200,102
0,200,95
1,200,39
2,200,42
2,200,75
2,200,45
8,200,76
13,200,95
1,200,65
1,200,30
1,200,63
0,200,81
1,200,34
1,200,75
1,200,105
1,200,104
0,200,100
0,200,99
1,200,32
1,200,32
0,200,56
1,200,104
0,200,37
1,200,27
0,200,47
1,200,98
1,200,96
1,200,94
0,200,103
0,200,96
1,200,71
1,200,40
1,200,102
0,200,41
0,200,31
0,200,19
0,200,116
1,200,40
1,200,30
2,200,107
0,200,55
0,200,72
1,200,88
1,200,96
1,200,41
0,200,34
0,200,45
1,200,108
0,200,101
0,200,102
0,200,93
0,200,102
1,200,25
1,200,36
1,200,103
0,200,70
1,200,41
0,200,81
1,200,53
1,200,103
1,200,102
0,200,37
1,200,84
1,200,85
1,200,68
1,200,102
0,200,55
0,200,102
1,200,110
1,200,84
1,200,98
1,200,102
0,200,105
0,200,105
1,200,59
1,200,68
1,200,95
0,200,107
0,200,47
0,200,106
1,200,43
1,200,103
1,200,55
0,200,92
1,200,87
1,200,99
1,200,107
1,200,31
1,200,37
1,200,50
1,200,99
1,200,109
0,200,30
0,200,81
2,200,43
1,200,107
0,200,65
0,200,70
0,200,113
1,200,112
0,200,32
1,200,104
1,200,70
0,200,95
1,200,98
1,200,31
1,200,85
2,200,48
1,200,96
0,200,57
1,200,108
1,200,108
1,200,38
0,200,111
1,200,101
1,200,91
1,200,107
1,200,96
1,200,52
1,200,65
1,200,100
1,200,94
1,200,47
0,200,94
1,200,61
1,200,54
0,200,50
1,200,42
1,200,78
1,200,98
1,200,91
1,200,48
1,200,52
1,200,62
1,200,102
1,200,53
1,200,99
1,200,104
0,200,21
1,200,54
1,200,111
2,200,71
2,200,100
1,200,95
2,200,107
0,200,44
1,200,88
1,200,64
1,200,102
0,200,61
1,200,82
2,200,73
0,200,28
1,200,42
0,200,56
0,200,112
1,200,109
1,200,59
1,200,37
1,200,23
1,200,71
1,200,100
1,200,95
1,200,62
1,200,59
0,200,113
1,200,39
1,200,94
1,200,100
1,200,97
1,200,110
1,200,35
1,200,112
1,200,37
1,200,46
1,200,48
0,200,99
1,200,102
1,200,93
1,200,22
1,200,112
1,200,20
1,200,95
0,200,106
1,200,39
0,200,98
1,200,26
1,200,95
1,200,32
0,200,65
1,200,106
1,200,98
1,200,37
1,200,52
1,200,98
0,200,107
1,200,104
0,200,36
1,200,56
1,200,97
0,200,114
0,200,40
0,200,62
0,200,89
0,200,105
1,200,92
1,200,103
1,200,25
0,200,80
0,200,100
1,200,23
1,200,106
1,200,64
1,200,82
1,200,46
1,200,103
0,200,99
1,200,71
1,200,94
1,200,102
1,200,106
1,200,101
1,200,59
0,200,94
0,200,77
0,200,110
0,200,42
1,200,105
1,200,46
1,200,93
1,200,85
0,200,43
0,200,27
0,200,99
1,200,98
1,200,100
1,200,46
1,200,112
1,200,99
1,200,26
0,200,96
1,200,91
1,200,52
1,200,115
5,200,105
0,200,103
0,200,110
0,200,101
1,200,44
1,200,66
0,200,60
0,200,71
1,200,97
0,200,93
1,200,94
0,200,40
0,200,53
1,200,94
1,200,98
1,200,91
1,200,103
0,200,106
3,200,47
1,200,36
1,200,56
1,200,97
1,200,43
0,200,110
0,200,99
1,200,101
0,200,115
1,200,100
1,200,44
1,200,95
1,200,39
1,200,107
1,200,92
1,200,94
1,200,49
1,200,97
0,200,105
0,200,26
1,200,35
1,200,24
0,200,67
0,200,76
1,200,71
1,200,107
0,200,96
1,200,108
1,200,94
2,200,110
1,200,52
1,200,92
1,200,115
0,200,108
0,200,100
0,200,69
0,200,92
1,200,63
0,200,105
0,200,42
1,200,106
1,200,69
1,200,59
0,200,93
2,200,102
1,200,109
0,200,96
0,200,47
1,200,49
1,200,98
1,200,108
0,200,77
1,200,100
0,200,103
1,200,103
0,200,109
0,200,66
0,200,32
0,200,20
1,200,79
1,200,64
0,200,98
0,200,98
1,200,105
0,200,104
1,200,42
0,200,101
0,200,104
0,200,104
1,200,104
1,200,101
1,200,94
0,200,59
1,200,33
1,200,102
1,200,93
0,200,23
0,200,41
1,200,53
0,200,108
0,200,94
1,200,40
0,200,17
0,200,83
0,200,41
0,200,97
1,200,58
0,200,55
0,200,89
1,200,69
1,200,97
1,200,96
1,200,101
1,200,95
0,200,102
1,200,108
0,200,32
1,200,92
1,200,34
0,200,78
0,200,31
0,200,56
1,200,111
0,200,92
1,200,81
1,200,99
1,200,64
1,200,97
1,200,71
1,200,49
1,200,31
0,200,98
0,200,104
1,200,94
0,200,60
1,200,40
0,200,65
0,200,65
0,200,46
1,200,108
0,200,58
1,200,28
1,200,107
0,200,88
0,200,22
0,200,99
0,200,100
1,200,50
0,200,42
0,200,54
1,200,58
0,200,98
1,200,64
1,200,94
0,200,37
1,200,97
0,200,41
0,200,90
0,200,103
0,200,121
0,200,70
0,200,99
1,200,94
1,200,35
0,200,108
1,200,92
0,200,31
0,200,38
1,200,37
0,200,105
0,200,82
1,200,102
1,200,96
1,200,106
0,200,113
0,200,85
1,200,123
1,200,48
1,200,87
1,200,92
0,200,78
1,200,22
0,200,100
1,200,62
1,200,103
0,200,37
1,200,50
1,200,96
1,200,40
0,200,102
0,200,108
0,200,23
1,200,106
1,200,41
0,200,64
1,200,70
1,200,68
0,200,108
0,200,50
1,200,43
1,200,38
2,200,95
0,200,112
1,200,107
0,200,40
1,200,116
1,200,107
0,200,57
1,200,103
0,200,30
1,200,40
1,200,57
0,200,98
0,200,81
